2
5
6
7
8
11
13
15
21
23
32
33
34
35
37
39
43
44
48
49
50
51
52
53
56
57
59
61
62
63
64
65
67
76
82
83
84
85
86
87
88
91
92
96
97
100
115
132
136
137
144
145
148
155
156
157
159
163
164
172
181
182
183
198
203
204
209
210
273
283
284
285
286
287
288
289
294
296
300
301
302
303
304
305
306
307
308
309
310
311
312
313
316
317
318
319
320
321
322
323
324
325
327
328
329
330
331
332
333
334
335
337
338
339
340
341
342
343
344
345
346
347
348
349
350
351
352
360
361
369
404
405
409
410
411
412
413
414
415
416
417
418
419
420
421
422
423
424
425
426
427
428
429
430
431
432
433
434
435
436
437
438
439
440
441
567
